#########################################################
### This file contains the pareto front approximation ###
#########################################################
### Solution format:     F(1:O)    G(1:M)    X(1:N)   ###
#########################################################
#
#        O         M         N     PSIZE
#
         2         0         9        20 
#
#        MIDACO solution
#
    -70559.90000000         94.00000000          2.85971712          2.00000000          1.00000000         20.00000000         50.00000000         20.00000000         50.00000000         50.00000000         50.00000000 
#
#        All non-dominated solutions found by MIDACO
#
    -68624.83777778         90.33333333          1.00000000          3.00000000          3.00000000         26.00000000         25.00000000         30.00000000         50.00000000         30.00000000         38.00000000 
    -70548.65387458         93.98700321          2.85971712          2.00000000          1.01299679         20.00000000         50.00000000         20.00000000         50.00000000         50.00000000         50.00000000 
    -69988.41196919         92.77492303          2.53833575          1.22507697          3.00000000         20.00000000         20.00000000         35.00000000         50.00000000         49.00000000         50.00000000 
    -70556.28992984         93.99582796          2.85971712          2.00000000          1.00417204         20.00000000         50.00000000         20.00000000         50.00000000         50.00000000         50.00000000 
    -70048.02108747         92.99898805          2.53783297          1.00101195          3.00000000         20.00000000         20.00000000         35.00000000         50.00000000         50.00000000         50.00000000 
    -70047.80642666         92.99777391          2.53784542          1.00222609          3.00000000         20.00000000         20.00000000         35.00000000         50.00000000         50.00000000         50.00000000 
    -70048.15632596         92.99975297          2.53855498          1.00024703          3.00000000         20.00000000         20.00000000         35.00000000         50.00000000         50.00000000         50.00000000 
    -70046.59272727         92.99090909          2.53799312          1.00909091          3.00000000         20.00000000         20.00000000         35.00000000         50.00000000         50.00000000         50.00000000 
    -70044.20168598         92.97738510          2.53833575          1.02261490          3.00000000         20.00000000         20.00000000         35.00000000         50.00000000         50.00000000         50.00000000 
    -68649.24573080         91.84702754          1.30918653          2.68589174          3.00000000         25.00000000         30.00000000         24.00000000         50.00000000         27.00000000         45.00000000 
    -69693.30080234         92.53656601          2.18593100          1.78225070          3.00000000         23.00000000         21.00000000         33.00000000         50.00000000         45.00000000         49.00000000 
    -70476.60000000         93.00000000          2.99999116          3.00000000          1.00000000         20.00000000         35.00000000         20.00000000         50.00000000         50.00000000         50.00000000 
    -70559.00977857         94.02533837          2.99872088          1.99155388          1.00000000         20.00000000         50.00000000         20.00000000         50.00000000         50.00000000         50.00000000 
    -70559.55255691         94.00988927          2.99872088          1.99670358          1.00000000         20.00000000         50.00000000         20.00000000         50.00000000         50.00000000         50.00000000 
    -70559.83243116         94.00081115          2.99872088          2.00081115          1.00000000         20.00000000         50.00000000         20.00000000         50.00000000         50.00000000         50.00000000 
    -70552.03363113         93.99090915          2.99872088          2.00000006          1.00909091         20.00000000         50.00000000         20.00000000         50.00000000         50.00000000         50.00000000 
    -70540.66482663         93.97777052          2.85971712          2.00000000          1.02222948         20.00000000         50.00000000         20.00000000         50.00000000         50.00000000         50.00000000 
    -70483.20992100         93.91137169          2.85971712          2.00000000          1.08862831         20.00000000         50.00000000         20.00000000         50.00000000         50.00000000         50.00000000 
    -70506.74243169         93.93856747          2.85971712          2.00000000          1.06143253         20.00000000         50.00000000         20.00000000         50.00000000         50.00000000         50.00000000 
    -70525.95554416         93.96077146          2.85971712          2.00000000          1.03922854         20.00000000         50.00000000         20.00000000         50.00000000         50.00000000         50.00000000 
